#include<iostream>
#include<windows.h>
using namespace std;
#include<conio.h>
#include<math.h>
#include <stdlib.h>
void gotoRowCol(int rpos, int cpos)
{
int xpos=cpos, ypos = rpos;
COORD scrn;
HANDLE hOuput = GetStdHandle(STD_OUTPUT_HANDLE);
scrn.X = cpos;
scrn.Y = rpos;
SetConsoleCursorPosition(hOuput, scrn);
}
void sleep(int m)
{
 for(int j=0;j<m*21000;j++)
 {
 }
}
void box()
{
    char b=219;
    for(int i=0;i<=160;i++)
    {
        gotoRowCol(7,5+i);
        cout<<b;
        sleep(100);    }

    for(int i=0;i<=160;i++)
    {
        gotoRowCol(41,5+i);
        cout<<b;
         sleep(100);
    }
     for(int i=0;i<=34;i++)
    {
        gotoRowCol(7+i,5);
        cout<<b;
         sleep(100);
    }
    for(int i=0;i<=34;i++)
    {
        gotoRowCol(7+i,75);
        cout<<b;
         sleep(100);
    }
}
void Prison_Jail()
{
    int row=10;
    int col=10;
    int array[30][60]={{1,1,1,1,1,1,1,1,1,1,1,1,1,1,1,1,1,1,1,1,1,1,1,1,1,1,1,1,1,1,1,1,1,1,1,1,1,1,1,1,1,1,1,1,1,1,1,1,1,1,1,1,1,1,1,1,1,1,1,1},
                       {1,0,0,0,1,0,0,0,0,0,0,1,1,0,0,0,0,0,0,0,0,0,0,0,0,0,0,0,0,1,1,0,0,0,0,0,0,0,0,0,0,0,0,0,0,1,1,0,0,0,0,0,0,0,0,0,0,0,0,1},
                       {1,0,0,0,1,0,0,0,0,0,0,1,1,0,0,0,0,0,0,0,0,0,0,0,0,0,0,0,0,1,1,0,0,0,0,0,0,0,0,0,0,0,0,0,0,1,1,0,0,0,0,0,0,0,0,0,0,0,0,1},
                       {1,0,0,0,0,0,0,0,0,0,0,1,1,1,1,1,1,1,0,0,0,1,1,1,1,1,1,0,0,1,1,0,0,0,0,0,0,0,0,0,0,0,0,0,0,1,1,0,0,0,0,0,0,0,0,0,0,0,0,1},
                       {1,0,0,0,1,1,1,1,1,0,0,1,1,1,1,1,1,1,0,0,0,1,1,1,1,1,1,0,0,1,1,1,1,1,1,1,1,1,1,1,0,0,0,0,0,1,1,0,0,0,0,0,0,0,0,0,0,0,0,1},
                       {1,0,0,0,1,0,0,1,1,0,0,1,1,0,0,1,1,0,0,0,0,0,0,0,0,1,1,0,0,1,1,1,1,1,1,1,1,1,1,1,0,0,0,0,0,1,1,0,0,0,1,1,1,1,1,1,0,0,0,1},
                       {1,0,0,0,1,0,0,1,1,0,0,1,1,0,0,1,1,0,0,0,0,0,0,0,0,1,1,0,0,1,1,0,0,0,0,0,0,1,1,0,0,0,0,0,0,0,0,0,0,0,1,1,1,1,1,1,0,0,0,1},
                       {1,0,0,0,1,0,0,0,0,0,0,0,0,0,0,1,1,1,1,1,1,1,1,0,0,1,1,0,0,1,1,0,0,0,0,0,0,1,1,0,0,0,0,0,0,0,0,0,0,0,0,1,1,0,0,0,0,0,0,1},
                       {1,0,0,0,1,0,0,0,0,0,0,1,1,1,1,1,1,1,1,1,1,1,1,0,0,1,1,0,0,1,1,0,0,0,0,0,0,1,1,0,0,0,0,1,1,1,1,1,1,1,1,1,1,0,0,0,0,0,0,1},
                       {1,1,1,1,1,0,0,1,1,0,0,1,1,1,1,1,1,0,0,0,0,0,0,0,0,1,1,0,0,0,0,0,0,0,0,0,0,1,1,0,0,0,0,1,1,1,1,1,1,1,1,1,1,0,0,1,1,1,1,1},
                       {1,0,0,0,0,0,0,1,1,0,0,0,0,0,0,1,1,0,0,0,0,0,0,0,0,1,1,0,0,0,0,0,0,0,0,0,0,1,1,0,0,0,0,0,0,0,1,1,0,0,0,1,1,0,0,1,1,1,1,1},
                       {1,0,0,0,0,0,0,1,1,0,0,0,0,0,0,1,1,0,0,0,0,0,0,0,0,1,1,1,1,1,1,1,1,1,1,0,0,1,1,0,0,0,0,0,0,0,1,1,0,0,0,1,1,0,0,0,0,0,0,1},
                       {1,0,0,1,1,1,1,1,1,1,1,1,1,0,0,0,0,0,0,1,1,0,0,0,0,1,1,1,1,1,1,1,1,1,1,0,0,1,1,0,0,0,0,0,0,0,1,1,0,0,0,1,1,0,0,0,0,0,0,1},
                       {1,0,0,1,1,1,1,1,1,1,1,1,1,0,0,1,1,1,1,1,1,0,0,0,0,1,1,0,0,0,0,0,0,0,0,0,0,1,1,0,0,0,0,0,0,0,0,0,0,0,0,1,1,0,0,0,0,0,0,1},
                       {1,0,0,0,0,0,0,0,0,0,0,1,1,0,0,0,0,0,0,1,1,0,0,0,0,1,1,0,0,0,0,0,0,0,0,0,0,1,1,0,0,0,0,0,0,0,0,0,0,0,0,1,1,0,0,0,0,0,0,1},
                       {1,0,0,0,0,0,0,0,0,0,0,1,1,0,0,0,0,0,0,1,1,0,0,0,0,1,1,0,0,1,1,0,0,1,1,1,1,1,1,1,1,1,1,1,1,1,1,1,0,0,1,1,0,0,0,0,0,0,0,1},
                       {1,1,1,1,1,1,1,0,0,0,0,1,1,1,1,1,1,1,1,1,1,1,1,1,1,1,1,0,0,1,1,0,0,0,0,0,0,0,0,0,0,1,1,0,0,0,0,0,0,0,1,1,0,0,1,1,1,1,1,1},
                       {1,1,1,1,1,1,1,0,0,0,0,1,1,1,1,1,1,1,1,1,1,1,1,1,1,1,1,0,0,1,1,1,1,1,1,1,1,1,0,0,0,1,1,0,0,0,0,0,0,0,1,1,0,0,0,0,0,0,0,1},
                       {1,0,0,0,0,1,1,0,0,1,1,1,1,0,0,0,0,0,0,1,1,0,0,0,0,1,1,0,0,1,1,0,0,0,0,0,0,0,0,0,0,1,1,0,0,0,0,0,0,0,1,1,0,0,0,0,0,0,0,1},
                       {1,0,0,0,0,1,1,0,0,1,1,1,1,0,0,0,0,0,0,1,1,0,0,0,0,1,1,0,0,1,1,0,0,0,0,0,0,0,0,0,0,1,1,0,0,1,1,1,1,1,1,1,1,1,0,0,0,0,0,1},
                       {1,0,0,0,0,1,1,0,0,1,1,0,0,0,0,1,1,0,0,0,0,0,0,0,0,0,0,0,0,1,1,1,1,1,1,1,1,1,1,0,0,1,1,0,0,1,1,1,1,0,0,1,1,1,0,0,0,0,0,1},
                       {1,0,0,0,0,0,0,0,0,1,1,0,0,0,0,1,1,0,0,0,0,0,0,0,0,0,0,0,0,1,1,1,1,1,1,1,1,1,1,0,0,1,1,0,0,1,1,0,0,0,0,1,1,0,0,0,1,1,1,1},
                       {1,0,0,0,0,0,0,0,0,1,1,0,0,1,1,1,1,0,0,1,1,1,1,1,1,1,1,1,1,1,1,0,0,1,1,0,0,1,1,0,0,1,1,0,0,1,1,0,0,0,0,1,1,0,0,0,1,1,1,1},
                       {1,0,0,1,1,1,1,1,1,1,1,0,0,1,1,1,1,0,0,1,1,1,1,1,1,1,1,1,1,1,1,0,0,1,1,0,0,1,1,1,1,1,1,0,0,1,1,0,0,0,0,1,1,0,0,0,0,0,0,0},
                       {1,0,0,1,1,1,1,1,1,1,1,0,0,0,0,1,1,0,0,0,0,0,0,0,0,0,0,0,0,1,1,0,0,0,0,0,0,1,1,1,1,1,1,0,0,1,1,1,1,1,1,1,1,0,0,1,1,1,1,1},
                       {1,0,0,1,1,0,0,0,0,1,1,0,0,0,0,1,1,0,0,0,0,0,0,0,0,0,0,0,0,1,1,0,0,0,0,0,0,1,1,0,0,0,0,0,0,1,1,1,1,1,1,1,1,0,0,1,1,1,1,1},
                       {1,0,0,1,1,0,0,0,0,1,1,1,1,0,0,1,1,0,0,0,0,0,1,1,1,0,0,0,0,1,1,0,0,1,1,0,0,1,1,0,0,0,0,0,0,1,1,0,0,0,0,1,1,0,0,1,1,1,1,1},
                       {1,0,0,0,0,0,0,0,0,0,0,0,0,0,0,1,1,0,0,0,0,0,1,1,1,0,0,0,0,0,0,0,0,1,1,0,0,0,0,0,0,0,0,0,0,1,1,0,0,0,0,0,0,0,0,0,0,0,0,1},
                       {1,0,0,0,0,0,0,0,0,0,0,0,0,0,0,1,1,0,0,0,0,0,1,1,1,0,0,0,0,0,0,0,0,1,1,0,0,0,0,0,0,0,0,0,0,1,1,0,0,0,0,0,0,0,0,0,0,0,0,1},
                       {1,1,1,1,1,1,1,1,1,1,1,1,1,1,1,1,1,1,1,1,1,1,1,1,1,1,1,1,1,1,1,1,1,1,1,1,1,1,1,1,1,1,1,1,1,1,1,1,1,1,1,1,1,1,1,1,1,1,1,1},};
        int prison_row=2;
        int prison_col=8;
         for(int i=0;i<30;i++)
        {
            cout<<endl;
        for(int j=0;j<60;j++)
         {
              if(i==prison_row && j== prison_col)
                {
                     cout<<"2";
                }
                if(array[i][j]==1)
                {
                    gotoRowCol(10+i,102+j);
                    cout<<"1";
                }
                else
                {
                     cout<<" ";
                }
        }
         sleep(500);
        }
      for(int i=0;i<30;i++)
        {
            cout<<endl;
        for(int j=0;j<60;j++)
         {
                if(i==prison_row && j== prison_col)
                {
                     cout<<"2";
                }
                else
                {
                     gotoRowCol(row+i,col+j);
                     cout<<array[i][j];
                }
        }
         sleep(500);
        }
    gotoRowCol(33,77);
    cout<<" <------ Exiting Point ";
    int rows;
    int cols;
    while(true)
    {
        gotoRowCol(2,10);
        cout<<"Enter rows   : ";
        cin>>rows;
         gotoRowCol(4,10);
        cout<<"Enter coloumn: ";
        cin>>cols;
        if(rows>1 || cols >1 || rows<-1 || cols<-1)
        {
             gotoRowCol(5,77);
            cout<<"Please enter less then 2 and greater then -2";
        }
        else
        {
             gotoRowCol(5,77);
            cout<<"                                                                            ";
}

int new_row;
int new_col;
        if(rows ==1 || rows ==0 || rows ==-1)
      {
        new_row= prison_row + rows;
        }
        else
        {
            new_row= prison_row;
        }
        if(cols ==1 || cols ==0 || cols ==-1)
          {
          new_col= prison_col + cols;
         }
        else
        {
             new_col= prison_col;
        }

        if (array[new_row][new_col] != 1)
       {
           gotoRowCol(3,77);
        cout<<"Good Try                                   ";
               prison_row = new_row;
               prison_col = new_col;
                 }
        else
            {
                gotoRowCol(3,77);
        cout<<"HI DEAR :) There is a wall at "<<new_row<<" And "<<new_col<<endl;}
            for(int i=0;i<30;i++)
                {
        for(int j=0;j<60;j++)
         {
                if(i==prison_row && j== prison_col)
                {
                    cout<<"2";
                }
                else
                {
                     gotoRowCol(row+i,col+j);
            cout<<array[i][j];
                }
        }
        cout<<endl;
    }

       if(prison_row ==23 && prison_col==59)
    {
        gotoRowCol(20,80);
        cout <<"YOU win the Game! "<<endl;
        break;
    }
  }
}
int main()
{
     box();
     gotoRowCol(32,70);
     cout<<"--\\";
     gotoRowCol(33,70);
     cout<<"   |";
     gotoRowCol(34,70);
     cout<<"--/";
   Prison_Jail();
    return 0;
}
